[3.18500000e+03 3.40000000e+01 6.70000000e+01 0.00000000e+00
 9.09090000e-01 4.24242000e+00 1.03093000e+00 9.70870000e-01
 7.56757000e+00 6.45161000e+00 5.02193034e+01 3.83286256e+01]
[1.51400000e+03 2.90000000e+01 1.20000000e+01 1.63265000e+00
 9.09090000e-01 1.21212000e+00 6.18557000e+00 3.88349500e+01
 3.06306000e+00 4.20000000e+00 5.44591784e+01 4.24586043e+01]
[9.05200000e+03 1.04000000e+02 1.00000000e+00 0.00000000e+00
 9.09090000e-01 0.00000000e+00 1.03093000e+00 0.00000000e+00
 0.00000000e+00 0.00000000e+00 4.64559674e+01 3.78968358e+01]
[2.07700000e+03 4.20000000e+01 1.90000000e+01 0.00000000e+00
 9.09090000e-01 0.00000000e+00 1.03093000e+00 3.98058300e+01
 2.34234000e+00 5.41176000e+00 4.83606219e+01 4.11477152e+01]
[2.05300000e+03 2.70000000e+01 2.10000000e+01 1.63265000e+00
 9.09090000e-01 1.21212000e+00 1.03093000e+00 9.70870000e-01
 4.86486000e+00 5.05263000e+00 5.08801401e+01 4.36988285e+01]
[2.28400000e+03 4.10000000e+01 2.50000000e+01 8.16330000e-01
 9.09090000e-01 6.06060000e-01 2.06186000e+00 3.88349500e+01
 2.25225200e+01 4.09091000e+00 6.50998652e+01 4.54493001e+01]
[1.53000000e+03 2.50000000e+01 1.10000000e+01 0.00000000e+00
 9.09090000e-01 0.00000000e+00 1.03093000e+00 3.88349500e+01
 6.30630000e-01 1.50000000e+00 4.96621370e+01 3.75826764e+01]
[1.01930000e+04 8.10000000e+01 1.00000000e+00 0.00000000e+00
 9.09090000e-01 6.06060000e-01 1.03093000e+00 3.98058300e+01
 0.00000000e+00 0.00000000e+00 4.90117967e+01 4.10307962e+01]
[4.57200000e+03 5.70000000e+01 1.00000000e+00 0.00000000e+00
 9.09090000e-01 0.00000000e+00 1.03093000e+00 0.00000000e+00
 0.00000000e+00 0.00000000e+00 4.31792945e+01 3.63190284e+01]
[4.14800000e+03 4.00000000e+01 1.00000000e+00 2.04082000e+00
 9.09090000e-01 6.06060000e-01 0.00000000e+00 3.88350000e+00
 0.00000000e+00 0.00000000e+00 5.01930475e+01 4.35211086e+01]
[1.61200000e+03 4.20000000e+01 1.60000000e+01 2.04082000e+00
 9.09090000e-01 6.06060000e-01 1.03093000e+00 0.00000000e+00
 5.40541000e+00 5.26667000e+00 5.26705384e+01 4.37949878e+01]
[2.01400000e+03 3.90000000e+01 1.00000000e+00 8.16330000e-01
 9.09090000e-01 3.03030000e+00 1.03093000e+00 0.00000000e+00
 0.00000000e+00 0.00000000e+00 5.56707919e+01 4.68572202e+01]
[5.23400000e+03 5.00000000e+01 1.00000000e+00 1.22449000e+00
 9.09090000e-01 1.21212000e+00 0.00000000e+00 9.70870000e-01
 0.00000000e+00 0.00000000e+00 5.43185771e+01 4.26443529e+01]
[8.01400000e+03 2.05000000e+02 1.00000000e+00 0.00000000e+00
 9.09090000e-01 0.00000000e+00 4.12371000e+00 3.88349500e+01
 0.00000000e+00 0.00000000e+00 4.46864307e+01 4.05401918e+01]
[6.02000000e+03 3.10000000e+01 1.00000000e+00 0.00000000e+00
 9.09090000e-01 0.00000000e+00 1.03093000e+00 3.98058300e+01
 0.00000000e+00 0.00000000e+00 5.21159768e+01 4.02408975e+01]
[6.09700000e+03 1.15000000e+02 1.00000000e+00 0.00000000e+00
 9.09090000e-01 0.00000000e+00 4.12371000e+00 3.88349500e+01
 0.00000000e+00 0.00000000e+00 4.83895510e+01 4.10732803e+01]
[1.51100000e+03 3.30000000e+01 1.00000000e+00 8.16330000e-01
 9.09090000e-01 1.21212000e+00 1.03093000e+00 0.00000000e+00
 3.60360000e+00 0.00000000e+00 4.93953139e+01 3.94615844e+01]
[1.02600000e+03 3.20000000e+01 1.10000000e+01 8.16330000e-01
 9.09090000e-01 6.06060000e-01 3.09278000e+00 0.00000000e+00
 1.53153000e+00 2.90000000e+00 5.27306974e+01 4.03374994e+01]
[1.15240000e+04 1.49000000e+02 1.00000000e+00 0.00000000e+00
 9.09090000e-01 6.06060000e-01 0.00000000e+00 1.94175000e+00
 0.00000000e+00 0.00000000e+00 4.23114121e+01 3.52376729e+01]
[1.58800000e+03 3.40000000e+01 1.00000000e+01 2.04082000e+00
 9.09090000e-01 1.21212000e+00 1.03093000e+00 9.70870000e-01
 3.60360000e-01 2.33333000e+00 5.36598325e+01 4.41033798e+01]
[3.22600000e+03 2.30000000e+01 1.00000000e+00 8.16330000e-01
 9.09090000e-01 6.06060000e-01 0.00000000e+00 0.00000000e+00
 0.00000000e+00 0.00000000e+00 4.46751207e+01 3.93601772e+01]
[6.44600000e+03 3.40000000e+01 1.00000000e+00 1.22449000e+00
 9.09090000e-01 1.81818000e+00 1.03093000e+00 0.00000000e+00
 0.00000000e+00 0.00000000e+00 4.30546641e+01 3.93275955e+01]
[3.88600000e+03 1.97000000e+02 1.00000000e+00 2.04082000e+00
 9.09090000e-01 6.06060000e-01 1.03093000e+00 0.00000000e+00
 0.00000000e+00 0.00000000e+00 4.54159677e+01 4.18387401e+01]
[2.39500000e+03 5.20000000e+01 2.10000000e+01 1.63265000e+00
 9.09090000e-01 1.81818000e+00 2.06186000e+00 9.70870000e-01
 4.38738700e+01 5.10000000e+00 4.54515696e+01 4.01592132e+01]
